-0.02468 0.02601 -0.05761 -0.19842 0.38986|||||||||||||||||||||||||||||||||||||||||||||||||||||||||||||||||-0.31564 -0.11050 -0.23500 0.10350 0.19010|||||||||||||||||||||||||||||||||||||||||||||||||||||||||||||||||-0.11653 0.31725 -0.22110 -0.26751 0.35068|||||||||||||||||||||||||||||||||||||||||||||||||||||||||||||||||-0.24616 -0.02834 -0.31407 -0.44233 -0.02356|||||||||||||||||||||||||||||||||||||||||||||||||||||||||||||||||-0.37027 -0.32236 -0.39894 -0.14619 -0.37280|||||||||||||||||||||||||||||||||||||||||||||||||||||||||||||||||-----------------------------------------------------------------
0.22030 -0.15262 -0.33629 0.31509 -0.41301|||||||||||||||||||||||||||||||||||||||||||||||||||||||||||||||||0.20398 -0.32409 0.20971 -0.37849 0.16980|||||||||||||||||||||||||||||||||||||||||||||||||||||||||||||||||-0.08916 -0.30266 -0.33154 -0.35470 -0.43935|||||||||||||||||||||||||||||||||||||||||||||||||||||||||||||||||0.42105 0.12054 -0.43726 -0.29093 -0.27154|||||||||||||||||||||||||||||||||||||||||||||||||||||||||||||||||0.16982 0.08918 0.24178 0.23502 0.20541|||||||||||||||||||||||||||||||||||||||||||||||||||||||||||||||||-----------------------------------------------------------------
-0.01233 -0.11570 0.37787 0.24260 -0.44388|||||||||||||||||||||||||||||||||||||||||||||||||||||||||||||||||-0.29904 -0.21377 -0.19090 -0.05552 -0.09405|||||||||||||||||||||||||||||||||||||||||||||||||||||||||||||||||0.09470 0.34420 -0.37984 -0.33730 0.32048|||||||||||||||||||||||||||||||||||||||||||||||||||||||||||||||||-0.44348 0.40227 -0.08933 0.07896 0.32547|||||||||||||||||||||||||||||||||||||||||||||||||||||||||||||||||0.06841 -0.05303 0.20323 -0.17960 0.42889|||||||||||||||||||||||||||||||||||||||||||||||||||||||||||||||||-----------------------------------------------------------------
-0.38975 0.35927 -0.17982 0.29280 -0.15892|||||||||||||||||||||||||||||||||||||||||||||||||||||||||||||||||0.10099 -0.03008 -0.35238 0.03608 -0.01877|||||||||||||||||||||||||||||||||||||||||||||||||||||||||||||||||-0.42967 -0.42651 -0.00336 -0.35149 -0.13915|||||||||||||||||||||||||||||||||||||||||||||||||||||||||||||||||0.34646 -0.06662 0.07722 -0.37893 0.08082|||||||||||||||||||||||||||||||||||||||||||||||||||||||||||||||||0.04932 -0.36649 0.03913 0.01987 0.38589|||||||||||||||||||||||||||||||||||||||||||||||||||||||||||||||||-----------------------------------------------------------------
-0.01754 0.37789 -0.22053 -0.42873 0.44189|||||||||||||||||||||||||||||||||||||||||||||||||||||||||||||||||-0.38477 0.22700 -0.27474 -0.10369 0.39564|||||||||||||||||||||||||||||||||||||||||||||||||||||||||||||||||0.12658 0.06850 -0.09654 -0.39728 -0.02939|||||||||||||||||||||||||||||||||||||||||||||||||||||||||||||||||0.10760 -0.39172 0.06239 0.12424 -0.11107|||||||||||||||||||||||||||||||||||||||||||||||||||||||||||||||||0.11257 0.04322 -0.25052 -0.06099 0.07639|||||||||||||||||||||||||||||||||||||||||||||||||||||||||||||||||-----------------------------------------------------------------
-0.39496 -0.04156 0.11620 -0.37853 -0.16758|||||||||||||||||||||||||||||||||||||||||||||||||||||||||||||||||0.01526 0.41070 -0.43623 -0.01209 -0.42351|||||||||||||||||||||||||||||||||||||||||||||||||||||||||||||||||-0.39779 0.19222 0.27994 -0.41147 0.40540|||||||||||||||||||||||||||||||||||||||||||||||||||||||||||||||||0.00311 0.03381 0.22893 -0.33365 -0.35573|||||||||||||||||||||||||||||||||||||||||||||||||||||||||||||||||0.09348 -0.27024 -0.41462 0.13849 0.03338|||||||||||||||||||||||||||||||||||||||||||||||||||||||||||||||||-----------------------------------------------------------------
-0.27722 -0.41744 -0.40046 -0.41884 0.30917|||||||||||||||||||||||||||||||||||||||||||||||||||||||||||||||||-0.24859 -0.27354 0.37556 0.05812 0.01591|||||||||||||||||||||||||||||||||||||||||||||||||||||||||||||||||-0.00489 0.24625 0.15223 0.35437 -0.38998|||||||||||||||||||||||||||||||||||||||||||||||||||||||||||||||||-0.21245 -0.23776 -0.00260 0.36040 0.23464|||||||||||||||||||||||||||||||||||||||||||||||||||||||||||||||||0.21600 0.14313 0.26205 0.08733 -0.28955|||||||||||||||||||||||||||||||||||||||||||||||||||||||||||||||||-----------------------------------------------------------------
0.33189 -0.26345 -0.10465 -0.25066 0.07026|||||||||||||||||||||||||||||||||||||||||||||||||||||||||||||||||-0.16417 -0.31995 -0.40889 -0.18075 0.28471|||||||||||||||||||||||||||||||||||||||||||||||||||||||||||||||||-0.35907 -0.01486 -0.35879 0.40118 0.30523|||||||||||||||||||||||||||||||||||||||||||||||||||||||||||||||||0.27378 -0.05215 0.12625 0.19670 0.26377|||||||||||||||||||||||||||||||||||||||||||||||||||||||||||||||||-0.17455 0.37611 -0.26097 0.12880 0.04904|||||||||||||||||||||||||||||||||||||||||||||||||||||||||||||||||-----------------------------------------------------------------
-0.17277 0.01428 -0.00590 0.14015 -0.15402|||||||||||||||||||||||||||||||||||||||||||||||||||||||||||||||||0.34682 0.28751 -0.20330 -0.43138 -0.07472|||||||||||||||||||||||||||||||||||||||||||||||||||||||||||||||||0.37653 -0.11162 0.00041 0.34559 -0.15976|||||||||||||||||||||||||||||||||||||||||||||||||||||||||||||||||0.18095 -0.04707 0.18444 0.28145 -0.03697|||||||||||||||||||||||||||||||||||||||||||||||||||||||||||||||||0.28322 0.06448 -0.38913 -0.10409 -0.00068|||||||||||||||||||||||||||||||||||||||||||||||||||||||||||||||||-----------------------------------------------------------------
0.32668 0.23015 0.19138 -0.02756 0.06160|||||||||||||||||||||||||||||||||||||||||||||||||||||||||||||||||-0.24991 0.12082 0.40169 -0.22891 -0.12003|||||||||||||||||||||||||||||||||||||||||||||||||||||||||||||||||-0.32720 -0.29056 -0.07549 0.34120 -0.04465|||||||||||||||||||||||||||||||||||||||||||||||||||||||||||||||||-0.06957 0.04828 0.27797 0.24198 -0.17277|||||||||||||||||||||||||||||||||||||||||||||||||||||||||||||||||-0.13038 -0.42206 0.17971 0.24741 -0.30347|||||||||||||||||||||||||||||||||||||||||||||||||||||||||||||||||-----------------------------------------------------------------
0.42685 -0.40485 0.42968 -0.28580 -0.42543|||||||||||||||||||||||||||||||||||||||||||||||||||||||||||||||||0.27834 -0.01938 0.19111 -0.04784 0.19880|||||||||||||||||||||||||||||||||||||||||||||||||||||||||||||||||-0.11364 0.35525 0.23883 0.22241 -0.26529|||||||||||||||||||||||||||||||||||||||||||||||||||||||||||||||||-0.43116 0.34096 -0.02659 -0.43440 -0.36798|||||||||||||||||||||||||||||||||||||||||||||||||||||||||||||||||-0.40238 -0.18177 -0.19954 0.34828 0.00825|||||||||||||||||||||||||||||||||||||||||||||||||||||||||||||||||-----------------------------------------------------------------
0.04943 0.07013 -0.12801 -0.23559 -0.14046|||||||||||||||||||||||||||||||||||||||||||||||||||||||||||||||||-0.21605 0.16432 0.02962 0.04376 0.27408|||||||||||||||||||||||||||||||||||||||||||||||||||||||||||||||||0.25641 -0.41546 -0.27912 0.20822 0.16951|||||||||||||||||||||||||||||||||||||||||||||||||||||||||||||||||0.35878 -0.12794 0.13995 0.00213 0.28179|||||||||||||||||||||||||||||||||||||||||||||||||||||||||||||||||-0.42147 0.39920 -0.36364 -0.34667 -0.03475|||||||||||||||||||||||||||||||||||||||||||||||||||||||||||||||||-----------------------------------------------------------------
-0.05596 0.30429 -0.07029 0.24574 0.33790|||||||||||||||||||||||||||||||||||||||||||||||||||||||||||||||||0.06439 -0.14913 0.15637 -0.18548 0.44493|||||||||||||||||||||||||||||||||||||||||||||||||||||||||||||||||0.07474 -0.44255 -0.31014 0.26702 0.04026|||||||||||||||||||||||||||||||||||||||||||||||||||||||||||||||||0.37703 -0.32019 -0.29820 -0.17063 0.04046|||||||||||||||||||||||||||||||||||||||||||||||||||||||||||||||||-0.10531 0.25515 -0.43814 -0.32893 0.19545|||||||||||||||||||||||||||||||||||||||||||||||||||||||||||||||||-----------------------------------------------------------------
0.20658 0.38477 -0.20953 0.08273 -0.39562|||||||||||||||||||||||||||||||||||||||||||||||||||||||||||||||||-0.20808 -0.01233 -0.16540 0.11610 -0.34920|||||||||||||||||||||||||||||||||||||||||||||||||||||||||||||||||0.28145 0.13463 0.03180 0.17004 -0.43008|||||||||||||||||||||||||||||||||||||||||||||||||||||||||||||||||0.29585 0.15888 -0.34835 -0.43765 -0.31636|||||||||||||||||||||||||||||||||||||||||||||||||||||||||||||||||-0.06512 -0.05465 0.36408 -0.09975 0.13901|||||||||||||||||||||||||||||||||||||||||||||||||||||||||||||||||-----------------------------------------------------------------
-0.18841 -0.29379 -0.01225 -0.08498 -0.18000|||||||||||||||||||||||||||||||||||||||||||||||||||||||||||||||||0.08962 -0.17902 0.43960 0.31856 -0.39451|||||||||||||||||||||||||||||||||||||||||||||||||||||||||||||||||-0.42227 -0.04431 -0.04411 0.16564 -0.31497|||||||||||||||||||||||||||||||||||||||||||||||||||||||||||||||||0.04533 0.25422 -0.25483 0.41730 0.44226|||||||||||||||||||||||||||||||||||||||||||||||||||||||||||||||||0.41570 0.35323 0.03849 0.25175 -0.16377|||||||||||||||||||||||||||||||||||||||||||||||||||||||||||||||||-----------------------------------------------------------------
-0.42103 -0.25688 -0.19251 -0.15747 -0.21088|||||||||||||||||||||||||||||||||||||||||||||||||||||||||||||||||-0.41340 -0.06870 0.03899 -0.25290 0.23607|||||||||||||||||||||||||||||||||||||||||||||||||||||||||||||||||-0.23840 -0.29187 -0.09240 0.18305 0.44486|||||||||||||||||||||||||||||||||||||||||||||||||||||||||||||||||0.07522 -0.35847 0.09310 -0.10724 0.14484|||||||||||||||||||||||||||||||||||||||||||||||||||||||||||||||||0.31429 0.21102 -0.00007 -0.16287 0.05972|||||||||||||||||||||||||||||||||||||||||||||||||||||||||||||||||-----------------------------------------------------------------
-0.17605 -0.43551 0.42323 0.35603 -0.11932|||||||||||||||||||||||||||||||||||||||||||||||||||||||||||||||||0.10622 -0.28229 -0.41073 0.15953 0.21577|||||||||||||||||||||||||||||||||||||||||||||||||||||||||||||||||-0.21104 -0.01735 -0.20285 0.09586 -0.34516|||||||||||||||||||||||||||||||||||||||||||||||||||||||||||||||||-0.15199 -0.20959 -0.03009 0.04417 -0.10313|||||||||||||||||||||||||||||||||||||||||||||||||||||||||||||||||-0.04004 -0.27186 -0.25377 0.21834 -0.25650|||||||||||||||||||||||||||||||||||||||||||||||||||||||||||||||||-----------------------------------------------------------------
0.16102 -0.04070 0.10363 0.09309 0.34280|||||||||||||||||||||||||||||||||||||||||||||||||||||||||||||||||0.31022 0.16845 0.30545 0.24150 0.38898|||||||||||||||||||||||||||||||||||||||||||||||||||||||||||||||||-0.01349 -0.12766 -0.30637 0.06967 0.01965|||||||||||||||||||||||||||||||||||||||||||||||||||||||||||||||||0.21151 -0.30063 -0.19097 -0.40467 -0.07732|||||||||||||||||||||||||||||||||||||||||||||||||||||||||||||||||0.12859 -0.20830 0.02804 0.44153 -0.19112|||||||||||||||||||||||||||||||||||||||||||||||||||||||||||||||||-----------------------------------------------------------------
0.40600 -0.21933 -0.17506 -0.28784 0.43436|||||||||||||||||||||||||||||||||||||||||||||||||||||||||||||||||-0.06459 -0.04513 -0.14426 -0.24049 0.36869|||||||||||||||||||||||||||||||||||||||||||||||||||||||||||||||||0.01387 0.14686 -0.41682 -0.01751 0.12406|||||||||||||||||||||||||||||||||||||||||||||||||||||||||||||||||-0.01570 -0.15175 -0.31415 -0.25327 -0.32530|||||||||||||||||||||||||||||||||||||||||||||||||||||||||||||||||-0.22574 0.20324 -0.22567 -0.07169 0.38709|||||||||||||||||||||||||||||||||||||||||||||||||||||||||||||||||-----------------------------------------------------------------
0.28304 -0.24429 -0.25679 -0.02443 -0.05104|||||||||||||||||||||||||||||||||||||||||||||||||||||||||||||||||0.11353 0.18546 -0.14547 -0.35886 0.41895|||||||||||||||||||||||||||||||||||||||||||||||||||||||||||||||||-0.34716 -0.18288 -0.00580 0.05109 -0.32487|||||||||||||||||||||||||||||||||||||||||||||||||||||||||||||||||-0.14349 0.22025 0.06910 -0.00762 0.43665|||||||||||||||||||||||||||||||||||||||||||||||||||||||||||||||||-0.30410 -0.11388 0.43277 0.09808 0.35752|||||||||||||||||||||||||||||||||||||||||||||||||||||||||||||||||-----------------------------------------------------------------
0.40078 0.27426 0.12097 -0.06474 0.42570|||||||||||||||||||||||||||||||||||||||||||||||||||||||||||||||||-0.15032 0.39565 -0.22811 -0.28865 -0.03606|||||||||||||||||||||||||||||||||||||||||||||||||||||||||||||||||0.04575 -0.12884 -0.13351 -0.07749 -0.22582|||||||||||||||||||||||||||||||||||||||||||||||||||||||||||||||||-0.35905 -0.05132 -0.16243 -0.20799 0.13259|||||||||||||||||||||||||||||||||||||||||||||||||||||||||||||||||-0.18158 0.29949 0.21502 0.04693 0.03459|||||||||||||||||||||||||||||||||||||||||||||||||||||||||||||||||-----------------------------------------------------------------
0.02336 -0.14519 -0.43673 -0.01454 -0.18376|||||||||||||||||||||||||||||||||||||||||||||||||||||||||||||||||0.24971 -0.31508 -0.38959 -0.19705 0.03922|||||||||||||||||||||||||||||||||||||||||||||||||||||||||||||||||0.41580 -0.00512 0.24296 -0.09169 0.20897|||||||||||||||||||||||||||||||||||||||||||||||||||||||||||||||||0.43090 0.37421 0.00411 0.22855 -0.11207|||||||||||||||||||||||||||||||||||||||||||||||||||||||||||||||||-0.20066 -0.01397 0.05091 0.24640 -0.00842|||||||||||||||||||||||||||||||||||||||||||||||||||||||||||||||||-----------------------------------------------------------------
-0.20926 -0.10828 0.27744 -0.08702 -0.21464|||||||||||||||||||||||||||||||||||||||||||||||||||||||||||||||||-0.25331 -0.20477 0.10423 0.12591 -0.22462|||||||||||||||||||||||||||||||||||||||||||||||||||||||||||||||||-0.29476 -0.25269 0.19467 -0.07428 0.07437|||||||||||||||||||||||||||||||||||||||||||||||||||||||||||||||||-0.43364 -0.23848 0.35204 -0.29599 -0.40948|||||||||||||||||||||||||||||||||||||||||||||||||||||||||||||||||-0.30208 -0.15618 0.01236 -0.16822 0.21507|||||||||||||||||||||||||||||||||||||||||||||||||||||||||||||||||-----------------------------------------------------------------
0.18051 0.16946 0.37618 0.30379 -0.43892|||||||||||||||||||||||||||||||||||||||||||||||||||||||||||||||||0.25768 0.40269 0.30981 -0.12472 0.31038|||||||||||||||||||||||||||||||||||||||||||||||||||||||||||||||||0.44084 -0.34946 -0.34055 -0.12987 -0.39062|||||||||||||||||||||||||||||||||||||||||||||||||||||||||||||||||0.36796 -0.23340 0.41023 -0.21124 0.18421|||||||||||||||||||||||||||||||||||||||||||||||||||||||||||||||||0.15569 0.42661 -0.11580 -0.40111 0.16534|||||||||||||||||||||||||||||||||||||||||||||||||||||||||||||||||-----------------------------------------------------------------
-0.32414 0.44719 -0.41950 -0.19982 0.23123|||||||||||||||||||||||||||||||||||||||||||||||||||||||||||||||||-0.12575 0.11573 -0.37902 -0.37535 -0.04905|||||||||||||||||||||||||||||||||||||||||||||||||||||||||||||||||0.28201 -0.44622 0.01866 -0.18546 0.03882|||||||||||||||||||||||||||||||||||||||||||||||||||||||||||||||||0.27513 -0.22832 -0.42600 -0.12648 -0.11653|||||||||||||||||||||||||||||||||||||||||||||||||||||||||||||||||-0.28098 0.11498 -0.24396 0.26043 0.11562|||||||||||||||||||||||||||||||||||||||||||||||||||||||||||||||||-----------------------------------------------------------------
-0.42953 -0.21308 -0.36178 0.28151 -0.18483|||||||||||||||||||||||||||||||||||||||||||||||||||||||||||||||||0.15470 -0.19772 -0.25228 0.28984 0.12181|||||||||||||||||||||||||||||||||||||||||||||||||||||||||||||||||0.10034 0.42112 -0.01237 -0.12666 -0.09042|||||||||||||||||||||||||||||||||||||||||||||||||||||||||||||||||0.29337 -0.42056 0.03028 -0.29924 -0.35786|||||||||||||||||||||||||||||||||||||||||||||||||||||||||||||||||0.03518 -0.02907 -0.31846 0.27817 0.34582|||||||||||||||||||||||||||||||||||||||||||||||||||||||||||||||||-----------------------------------------------------------------
0.38514 -0.03381 0.11462 -0.28988 0.39972|||||||||||||||||||||||||||||||||||||||||||||||||||||||||||||||||-0.40752 -0.07088 0.41479 -0.43314 -0.35585|||||||||||||||||||||||||||||||||||||||||||||||||||||||||||||||||0.14138 -0.06153 -0.17804 -0.25744 -0.38103|||||||||||||||||||||||||||||||||||||||||||||||||||||||||||||||||0.39976 0.24997 0.29272 -0.07214 -0.28261|||||||||||||||||||||||||||||||||||||||||||||||||||||||||||||||||-0.04910 -0.30618 -0.25180 0.40277 -0.12850|||||||||||||||||||||||||||||||||||||||||||||||||||||||||||||||||-----------------------------------------------------------------
0.26219 -0.05877 0.03289 -0.02647 -0.08568|||||||||||||||||||||||||||||||||||||||||||||||||||||||||||||||||-0.22940 0.15971 0.41359 0.34291 -0.30559|||||||||||||||||||||||||||||||||||||||||||||||||||||||||||||||||-0.21965 -0.39127 0.23298 -0.18884 0.06447|||||||||||||||||||||||||||||||||||||||||||||||||||||||||||||||||0.27197 -0.27246 -0.21845 0.17352 -0.41510|||||||||||||||||||||||||||||||||||||||||||||||||||||||||||||||||-0.12746 0.27113 0.40664 -0.32189 -0.15807|||||||||||||||||||||||||||||||||||||||||||||||||||||||||||||||||-----------------------------------------------------------------
-0.26003 -0.04016 -0.00781 0.14643 -0.37930|||||||||||||||||||||||||||||||||||||||||||||||||||||||||||||||||0.17926 0.41679 -0.40320 0.20315 0.10882|||||||||||||||||||||||||||||||||||||||||||||||||||||||||||||||||0.33660 0.10374 0.13981 -0.23463 0.17423|||||||||||||||||||||||||||||||||||||||||||||||||||||||||||||||||0.03311 0.29687 -0.23328 -0.21773 0.28744|||||||||||||||||||||||||||||||||||||||||||||||||||||||||||||||||-0.06421 -0.21358 0.11700 -0.40275 0.42686|||||||||||||||||||||||||||||||||||||||||||||||||||||||||||||||||-----------------------------------------------------------------
-0.03262 0.41652 -0.42595 0.44201 -0.35709|||||||||||||||||||||||||||||||||||||||||||||||||||||||||||||||||-0.29787 -0.14718 -0.08643 -0.16798 -0.03207|||||||||||||||||||||||||||||||||||||||||||||||||||||||||||||||||0.18461 0.07560 -0.42303 -0.31201 -0.04106|||||||||||||||||||||||||||||||||||||||||||||||||||||||||||||||||-0.34013 0.11556 -0.42949 0.35209 0.14832|||||||||||||||||||||||||||||||||||||||||||||||||||||||||||||||||0.08137 0.02488 -0.29819 0.13049 -0.14913|||||||||||||||||||||||||||||||||||||||||||||||||||||||||||||||||-----------------------------------------------------------------
0.19479 -0.02122 0.05034 -0.15683 -0.33487|||||||||||||||||||||||||||||||||||||||||||||||||||||||||||||||||0.11941 0.18328 0.23034 0.35532 -0.17297|||||||||||||||||||||||||||||||||||||||||||||||||||||||||||||||||0.03263 0.04747 -0.09143 -0.38940 -0.25634|||||||||||||||||||||||||||||||||||||||||||||||||||||||||||||||||0.18105 -0.06574 0.26873 0.02748 0.00919|||||||||||||||||||||||||||||||||||||||||||||||||||||||||||||||||0.22694 0.26335 0.18105 -0.23071 0.16930|||||||||||||||||||||||||||||||||||||||||||||||||||||||||||||||||-----------------------------------------------------------------
-0.03783 0.01569 -0.12992 -0.22932 -0.36575|||||||||||||||||||||||||||||||||||||||||||||||||||||||||||||||||-0.38361 0.29360 -0.17027 -0.21614 -0.43682|||||||||||||||||||||||||||||||||||||||||||||||||||||||||||||||||0.21649 -0.20010 -0.13972 -0.37200 -0.39093|||||||||||||||||||||||||||||||||||||||||||||||||||||||||||||||||0.21095 0.21599 -0.27777 0.39737 -0.28823|||||||||||||||||||||||||||||||||||||||||||||||||||||||||||||||||0.12553 0.12114 0.14249 0.24910 0.39279|||||||||||||||||||||||||||||||||||||||||||||||||||||||||||||||||-----------------------------------------------------------------
0.33437 0.03430 -0.17062 -0.05643 0.23506|||||||||||||||||||||||||||||||||||||||||||||||||||||||||||||||||0.02505 -0.34375 -0.09263 -0.35590 -0.02241|||||||||||||||||||||||||||||||||||||||||||||||||||||||||||||||||-0.12169 0.29491 -0.23290 -0.41778 -0.28118|||||||||||||||||||||||||||||||||||||||||||||||||||||||||||||||||-0.02792 -0.10911 -0.29260 0.00612 0.41431|||||||||||||||||||||||||||||||||||||||||||||||||||||||||||||||||0.18877 -0.36358 -0.14716 0.16824 0.08329|||||||||||||||||||||||||||||||||||||||||||||||||||||||||||||||||-----------------------------------------------------------------
-0.17028 0.31204 -0.07187 0.33439 0.01078|||||||||||||||||||||||||||||||||||||||||||||||||||||||||||||||||-0.35838 0.26371 0.11296 0.28789 -0.38183|||||||||||||||||||||||||||||||||||||||||||||||||||||||||||||||||-0.28052 0.19814 0.12631 0.42105 0.14826|||||||||||||||||||||||||||||||||||||||||||||||||||||||||||||||||-0.12075 -0.10403 -0.23441 0.09088 0.11357|||||||||||||||||||||||||||||||||||||||||||||||||||||||||||||||||-0.24789 0.21922 -0.27531 -0.06465 0.03357|||||||||||||||||||||||||||||||||||||||||||||||||||||||||||||||||-----------------------------------------------------------------
-0.43803 -0.16928 0.36339 -0.17394 -0.15878|||||||||||||||||||||||||||||||||||||||||||||||||||||||||||||||||-0.17163 -0.32674 0.35088 -0.06184 0.00756|||||||||||||||||||||||||||||||||||||||||||||||||||||||||||||||||0.43908 0.23969 0.06767 -0.43637 0.26873|||||||||||||||||||||||||||||||||||||||||||||||||||||||||||||||||-0.38292 0.41177 -0.03253 0.40318 0.03385|||||||||||||||||||||||||||||||||||||||||||||||||||||||||||||||||-0.24392 -0.26915 0.25758 -0.17521 -0.26249|||||||||||||||||||||||||||||||||||||||||||||||||||||||||||||||||-----------------------------------------------------------------
-0.19306 -0.34791 0.08470 0.33956 -0.06723|||||||||||||||||||||||||||||||||||||||||||||||||||||||||||||||||0.34798 0.35411 -0.09883 0.35060 -0.01274|||||||||||||||||||||||||||||||||||||||||||||||||||||||||||||||||-0.42799 -0.38022 -0.04278 0.37087 0.37313|||||||||||||||||||||||||||||||||||||||||||||||||||||||||||||||||0.28430 -0.33378 -0.15572 -0.33985 -0.21412|||||||||||||||||||||||||||||||||||||||||||||||||||||||||||||||||0.29618 0.14239 0.00388 0.20600 0.31572|||||||||||||||||||||||||||||||||||||||||||||||||||||||||||||||||-----------------------------------------------------------------
-0.44325 0.32431 -0.23501 0.04915 -0.16744|||||||||||||||||||||||||||||||||||||||||||||||||||||||||||||||||-0.25737 0.11404 0.26704 -0.11000 -0.39719|||||||||||||||||||||||||||||||||||||||||||||||||||||||||||||||||-0.42347 -0.03602 0.35097 0.39808 -0.08115|||||||||||||||||||||||||||||||||||||||||||||||||||||||||||||||||0.16816 -0.38223 0.11918 -0.44597 -0.40269|||||||||||||||||||||||||||||||||||||||||||||||||||||||||||||||||-0.19976 -0.17290 -0.19616 -0.05660 0.27943|||||||||||||||||||||||||||||||||||||||||||||||||||||||||||||||||-----------------------------------------------------------------
-0.18071 0.40479 -0.37425 -0.11385 -0.00654|||||||||||||||||||||||||||||||||||||||||||||||||||||||||||||||||0.36458 0.25084 -0.05473 0.19157 -0.29689|||||||||||||||||||||||||||||||||||||||||||||||||||||||||||||||||-0.21676 -0.35327 -0.20152 0.30109 0.34293|||||||||||||||||||||||||||||||||||||||||||||||||||||||||||||||||0.08698 0.09683 0.06903 0.18144 0.13491|||||||||||||||||||||||||||||||||||||||||||||||||||||||||||||||||-0.15957 0.41172 -0.28838 0.17258 0.22299|||||||||||||||||||||||||||||||||||||||||||||||||||||||||||||||||-----------------------------------------------------------------
-0.28610 -0.25548 -0.31653 0.36748 -0.42260|||||||||||||||||||||||||||||||||||||||||||||||||||||||||||||||||-0.24940 -0.06261 0.07202 -0.03767 -0.12603|||||||||||||||||||||||||||||||||||||||||||||||||||||||||||||||||-0.39844 -0.38035 -0.23254 0.35989 0.21369|||||||||||||||||||||||||||||||||||||||||||||||||||||||||||||||||0.10522 -0.09541 -0.36912 0.00868 -0.10642|||||||||||||||||||||||||||||||||||||||||||||||||||||||||||||||||0.15659 0.26768 -0.36288 0.19032 -0.44124|||||||||||||||||||||||||||||||||||||||||||||||||||||||||||||||||-----------------------------------------------------------------
-0.05869 0.20121 0.15976 -0.23136 -0.40038|||||||||||||||||||||||||||||||||||||||||||||||||||||||||||||||||0.16789 0.26785 0.38878 -0.40880 -0.26693|||||||||||||||||||||||||||||||||||||||||||||||||||||||||||||||||0.34400 -0.40848 0.09906 0.28250 -0.00159|||||||||||||||||||||||||||||||||||||||||||||||||||||||||||||||||-0.26802 -0.27672 0.32910 -0.31593 -0.24554|||||||||||||||||||||||||||||||||||||||||||||||||||||||||||||||||0.30217 -0.38828 0.11636 -0.17087 -0.12280|||||||||||||||||||||||||||||||||||||||||||||||||||||||||||||||||-----------------------------------------------------------------
0.44075 0.41707 0.35704 -0.39908 -0.18476|||||||||||||||||||||||||||||||||||||||||||||||||||||||||||||||||-0.42883 0.10116 0.09935 -0.20633 -0.31224|||||||||||||||||||||||||||||||||||||||||||||||||||||||||||||||||-0.35972 0.30700 0.02315 0.27811 0.11352|||||||||||||||||||||||||||||||||||||||||||||||||||||||||||||||||0.37589 -0.18137 0.42262 -0.35540 -0.38135|||||||||||||||||||||||||||||||||||||||||||||||||||||||||||||||||-0.11143 0.01961 -0.20923 0.18063 -0.42558|||||||||||||||||||||||||||||||||||||||||||||||||||||||||||||||||-----------------------------------------------------------------
0.06333 -0.00238 -0.20065 -0.34888 0.10020|||||||||||||||||||||||||||||||||||||||||||||||||||||||||||||||||-0.02880 0.28486 -0.06213 -0.11473 -0.23696|||||||||||||||||||||||||||||||||||||||||||||||||||||||||||||||||0.01034 0.43072 0.39963 0.26392 -0.34612|||||||||||||||||||||||||||||||||||||||||||||||||||||||||||||||||0.27141 0.24416 -0.30526 0.08113 0.26843|||||||||||||||||||||||||||||||||||||||||||||||||||||||||||||||||-0.13052 -0.29386 -0.37333 0.38011 0.42584|||||||||||||||||||||||||||||||||||||||||||||||||||||||||||||||||-----------------------------------------------------------------
0.30831 -0.18101 0.41509 0.16463 0.19176|||||||||||||||||||||||||||||||||||||||||||||||||||||||||||||||||-0.40361 0.07128 0.38258 0.29771 -0.25726|||||||||||||||||||||||||||||||||||||||||||||||||||||||||||||||||0.03770 -0.18918 0.28918 0.17673 -0.24172|||||||||||||||||||||||||||||||||||||||||||||||||||||||||||||||||0.04420 0.39304 -0.42844 0.23253 0.02045|||||||||||||||||||||||||||||||||||||||||||||||||||||||||||||||||0.40958 0.11769 0.26740 -0.13311 0.10962|||||||||||||||||||||||||||||||||||||||||||||||||||||||||||||||||-----------------------------------------------------------------
0.07568 -0.14410 0.23483 0.09214 0.16088|||||||||||||||||||||||||||||||||||||||||||||||||||||||||||||||||-0.01220 0.18159 -0.01803 -0.27376 0.37332|||||||||||||||||||||||||||||||||||||||||||||||||||||||||||||||||0.22157 -0.43675 0.24089 0.19414 -0.37631|||||||||||||||||||||||||||||||||||||||||||||||||||||||||||||||||0.07409 -0.21965 -0.08052 -0.29200 -0.27696|||||||||||||||||||||||||||||||||||||||||||||||||||||||||||||||||0.30816 -0.02453 0.22884 0.34669 0.33311|||||||||||||||||||||||||||||||||||||||||||||||||||||||||||||||||-----------------------------------------------------------------
-0.42897 0.13363 0.33357 -0.41147 -0.06340|||||||||||||||||||||||||||||||||||||||||||||||||||||||||||||||||-0.39564 -0.10537 0.18756 0.37004 0.01389|||||||||||||||||||||||||||||||||||||||||||||||||||||||||||||||||0.06274 0.36091 -0.29433 0.13855 0.05313|||||||||||||||||||||||||||||||||||||||||||||||||||||||||||||||||-0.01874 -0.21457 -0.02232 -0.20725 0.31672|||||||||||||||||||||||||||||||||||||||||||||||||||||||||||||||||-0.12850 -0.33616 0.10068 0.11381 0.28339|||||||||||||||||||||||||||||||||||||||||||||||||||||||||||||||||-----------------------------------------------------------------
-0.07433 -0.10687 0.15342 0.43793 -0.42636|||||||||||||||||||||||||||||||||||||||||||||||||||||||||||||||||-0.08930 -0.19868 0.13726 0.34114 0.30771|||||||||||||||||||||||||||||||||||||||||||||||||||||||||||||||||0.43964 -0.34117 0.05453 0.10256 -0.15680|||||||||||||||||||||||||||||||||||||||||||||||||||||||||||||||||-0.40364 0.02457 -0.11018 -0.18008 0.23368|||||||||||||||||||||||||||||||||||||||||||||||||||||||||||||||||0.43465 -0.09952 -0.35045 0.18497 -0.28589|||||||||||||||||||||||||||||||||||||||||||||||||||||||||||||||||-----------------------------------------------------------------
0.44268 0.36811 -0.40428 -0.40629 -0.14140|||||||||||||||||||||||||||||||||||||||||||||||||||||||||||||||||0.31073 -0.01498 -0.02423 0.43274 0.38299|||||||||||||||||||||||||||||||||||||||||||||||||||||||||||||||||-0.08474 -0.21745 0.43101 0.08837 0.27799|||||||||||||||||||||||||||||||||||||||||||||||||||||||||||||||||0.38631 -0.44432 0.05637 0.25646 -0.01097|||||||||||||||||||||||||||||||||||||||||||||||||||||||||||||||||0.41557 -0.41299 0.37987 0.38445 -0.32889|||||||||||||||||||||||||||||||||||||||||||||||||||||||||||||||||-----------------------------------------------------------------
0.06525 -0.05134 -0.06755 -0.35609 0.14356|||||||||||||||||||||||||||||||||||||||||||||||||||||||||||||||||-0.18366 0.16872 -0.18571 -0.37009 -0.43616|||||||||||||||||||||||||||||||||||||||||||||||||||||||||||||||||0.28532 -0.09373 -0.08694 0.07417 -0.18164|||||||||||||||||||||||||||||||||||||||||||||||||||||||||||||||||0.28182 -0.01879 0.22292 -0.20144 -0.25562|||||||||||||||||||||||||||||||||||||||||||||||||||||||||||||||||0.39648 0.16798 0.21577 -0.31051 -0.37190|||||||||||||||||||||||||||||||||||||||||||||||||||||||||||||||||-----------------------------------------------------------------
0.32779 0.02914 -0.20678 0.37533 0.30447|||||||||||||||||||||||||||||||||||||||||||||||||||||||||||||||||0.43829 0.30552 0.38695 -0.06851 -0.33587|||||||||||||||||||||||||||||||||||||||||||||||||||||||||||||||||-0.40239 -0.41098 0.25500 -0.02281 0.24244|||||||||||||||||||||||||||||||||||||||||||||||||||||||||||||||||0.20064 -0.43416 0.17276 0.42597 0.28198|||||||||||||||||||||||||||||||||||||||||||||||||||||||||||||||||0.43667 -0.14183 0.12356 -0.08133 -0.42834|||||||||||||||||||||||||||||||||||||||||||||||||||||||||||||||||-----------------------------------------------------------------
0.22240 0.26330 -0.14906 -0.03776 -0.11159|||||||||||||||||||||||||||||||||||||||||||||||||||||||||||||||||-0.17569 -0.00793 -0.38073 -0.29775 -0.16501|||||||||||||||||||||||||||||||||||||||||||||||||||||||||||||||||0.31036 -0.43806 0.22397 0.03599 0.11320|||||||||||||||||||||||||||||||||||||||||||||||||||||||||||||||||0.21888 0.26802 -0.26539 0.25321 0.04065|||||||||||||||||||||||||||||||||||||||||||||||||||||||||||||||||-0.14159 -0.28587 0.04906 -0.06359 -0.19813|||||||||||||||||||||||||||||||||||||||||||||||||||||||||||||||||-----------------------------------------------------------------
-0.44461 -0.17445 0.32723 0.25782 -0.08938|||||||||||||||||||||||||||||||||||||||||||||||||||||||||||||||||0.24160 0.32253 -0.06397 0.22555 -0.30590|||||||||||||||||||||||||||||||||||||||||||||||||||||||||||||||||0.15837 0.42823 -0.33886 -0.04140 -0.10208|||||||||||||||||||||||||||||||||||||||||||||||||||||||||||||||||-0.15436 0.08672 0.43283 -0.07140 -0.09848|||||||||||||||||||||||||||||||||||||||||||||||||||||||||||||||||0.00398 -0.04740 -0.36613 -0.42478 0.12030|||||||||||||||||||||||||||||||||||||||||||||||||||||||||||||||||-----------------------------------------------------------------
0.07239 0.30053 -0.23047 0.30802 0.19559|||||||||||||||||||||||||||||||||||||||||||||||||||||||||||||||||-0.25280 -0.38820 -0.22545 0.31715 -0.23062|||||||||||||||||||||||||||||||||||||||||||||||||||||||||||||||||-0.36600 -0.34248 0.03762 -0.05559 0.33271|||||||||||||||||||||||||||||||||||||||||||||||||||||||||||||||||-0.25885 -0.38218 -0.29505 0.36513 -0.34313|||||||||||||||||||||||||||||||||||||||||||||||||||||||||||||||||-0.01510 -0.36087 0.36420 -0.22530 0.07730|||||||||||||||||||||||||||||||||||||||||||||||||||||||||||||||||-----------------------------------------------------------------
-0.43226 -0.31616 -0.13172 -0.19559 -0.02869|||||||||||||||||||||||||||||||||||||||||||||||||||||||||||||||||0.25819 0.21926 -0.01986 0.06652 0.30438|||||||||||||||||||||||||||||||||||||||||||||||||||||||||||||||||0.36960 -0.43925 0.39683 -0.11118 -0.13228|||||||||||||||||||||||||||||||||||||||||||||||||||||||||||||||||-0.35168 -0.37709 -0.23685 -0.44454 0.25056|||||||||||||||||||||||||||||||||||||||||||||||||||||||||||||||||0.44266 0.22193 0.23604 0.43623 0.02757|||||||||||||||||||||||||||||||||||||||||||||||||||||||||||||||||-----------------------------------------------------------------
0.19441 0.09694 0.30354 0.19051 -0.19825|||||||||||||||||||||||||||||||||||||||||||||||||||||||||||||||||0.44494 -0.37119 0.21806 -0.28322 -0.20066|||||||||||||||||||||||||||||||||||||||||||||||||||||||||||||||||0.19476 -0.39770 0.33819 -0.07417 -0.01181|||||||||||||||||||||||||||||||||||||||||||||||||||||||||||||||||0.28058 0.13870 -0.03498 -0.13224 0.17084|||||||||||||||||||||||||||||||||||||||||||||||||||||||||||||||||0.44663 -0.26644 -0.12549 0.32567 -0.26849|||||||||||||||||||||||||||||||||||||||||||||||||||||||||||||||||-----------------------------------------------------------------
0.31215 -0.27893 -0.21312 0.15020 0.27849|||||||||||||||||||||||||||||||||||||||||||||||||||||||||||||||||0.18109 -0.16101 0.13542 -0.21301 0.23877|||||||||||||||||||||||||||||||||||||||||||||||||||||||||||||||||-0.30676 -0.34366 0.21048 -0.20276 0.08723|||||||||||||||||||||||||||||||||||||||||||||||||||||||||||||||||0.06502 -0.13287 -0.26651 -0.33261 -0.13322|||||||||||||||||||||||||||||||||||||||||||||||||||||||||||||||||-0.32527 0.14693 -0.34325 0.27452 0.30300|||||||||||||||||||||||||||||||||||||||||||||||||||||||||||||||||-----------------------------------------------------------------
0.20676 -0.04478 -0.15540 -0.26290 -0.13757|||||||||||||||||||||||||||||||||||||||||||||||||||||||||||||||||-0.43289 0.41997 0.26216 -0.44224 0.40962|||||||||||||||||||||||||||||||||||||||||||||||||||||||||||||||||0.40599 -0.37075 0.17945 -0.14396 -0.04201|||||||||||||||||||||||||||||||||||||||||||||||||||||||||||||||||0.08326 -0.32511 0.18976 0.38905 -0.37455|||||||||||||||||||||||||||||||||||||||||||||||||||||||||||||||||-0.00911 0.00289 -0.41775 0.29226 -0.36122|||||||||||||||||||||||||||||||||||||||||||||||||||||||||||||||||-----------------------------------------------------------------
0.30694 0.21466 0.08290 0.37329 0.26983|||||||||||||||||||||||||||||||||||||||||||||||||||||||||||||||||0.09536 0.27977 0.05158 -0.26117 -0.16598|||||||||||||||||||||||||||||||||||||||||||||||||||||||||||||||||-0.27488 0.27506 -0.40065 -0.26274 -0.26264|||||||||||||||||||||||||||||||||||||||||||||||||||||||||||||||||-0.27833 -0.03244 -0.11480 -0.28732 0.32466|||||||||||||||||||||||||||||||||||||||||||||||||||||||||||||||||-0.28111 0.24318 0.09743 0.39313 -0.04950|||||||||||||||||||||||||||||||||||||||||||||||||||||||||||||||||-----------------------------------------------------------------
0.03919 -0.26666 -0.37626 -0.13503 0.10027|||||||||||||||||||||||||||||||||||||||||||||||||||||||||||||||||0.28210 -0.31069 0.28950 0.28352 0.22342|||||||||||||||||||||||||||||||||||||||||||||||||||||||||||||||||0.44471 0.31661 0.43514 -0.22573 -0.14218|||||||||||||||||||||||||||||||||||||||||||||||||||||||||||||||||0.35393 -0.41107 0.08708 0.02497 0.24495|||||||||||||||||||||||||||||||||||||||||||||||||||||||||||||||||-0.27714 -0.24519 -0.26410 0.28257 -0.34556|||||||||||||||||||||||||||||||||||||||||||||||||||||||||||||||||-----------------------------------------------------------------
0.30173 -0.18618 0.37893 -0.29804 0.26117|||||||||||||||||||||||||||||||||||||||||||||||||||||||||||||||||0.00963 -0.17389 -0.03227 -0.30933 0.32371|||||||||||||||||||||||||||||||||||||||||||||||||||||||||||||||||-0.24300 -0.00064 -0.11735 -0.32272 0.28191|||||||||||||||||||||||||||||||||||||||||||||||||||||||||||||||||0.27275 0.06799 0.03692 -0.24204 -0.11188|||||||||||||||||||||||||||||||||||||||||||||||||||||||||||||||||-0.23695 0.33944 -0.35632 -0.38268 -0.40201|||||||||||||||||||||||||||||||||||||||||||||||||||||||||||||||||-----------------------------------------------------------------
0.19634 0.04798 0.43665 0.18329 -0.15489|||||||||||||||||||||||||||||||||||||||||||||||||||||||||||||||||0.29007 0.40709 0.09448 0.35586 -0.39986|||||||||||||||||||||||||||||||||||||||||||||||||||||||||||||||||-0.42468 -0.02773 -0.14837 -0.26392 0.15266|||||||||||||||||||||||||||||||||||||||||||||||||||||||||||||||||0.29099 -0.12425 -0.40123 -0.41481 -0.35321|||||||||||||||||||||||||||||||||||||||||||||||||||||||||||||||||0.07921 0.19539 -0.43082 -0.36494 -0.17180|||||||||||||||||||||||||||||||||||||||||||||||||||||||||||||||||-----------------------------------------------------------------
0.29651 0.30742 -0.21947 -0.07494 0.25251|||||||||||||||||||||||||||||||||||||||||||||||||||||||||||||||||-0.07611 0.26689 -0.11611 -0.35750 -0.08103|||||||||||||||||||||||||||||||||||||||||||||||||||||||||||||||||-0.21113 -0.27635 0.16595 -0.38270 -0.06797|||||||||||||||||||||||||||||||||||||||||||||||||||||||||||||||||-0.07060 0.16842 0.18864 -0.19676 0.34601|||||||||||||||||||||||||||||||||||||||||||||||||||||||||||||||||-0.19279 0.43569 0.08437 -0.26407 0.13992|||||||||||||||||||||||||||||||||||||||||||||||||||||||||||||||||-----------------------------------------------------------------
0.06389 0.34433 -0.39973 -0.14743 0.22163|||||||||||||||||||||||||||||||||||||||||||||||||||||||||||||||||0.31530 0.37721 0.37771 -0.03453 -0.34488|||||||||||||||||||||||||||||||||||||||||||||||||||||||||||||||||-0.02726 0.37051 0.11766 -0.36530 -0.20257|||||||||||||||||||||||||||||||||||||||||||||||||||||||||||||||||-0.04070 -0.44427 -0.35786 0.17313 0.04859|||||||||||||||||||||||||||||||||||||||||||||||||||||||||||||||||-0.29420 0.29348 0.04581 0.21574 0.36340|||||||||||||||||||||||||||||||||||||||||||||||||||||||||||||||||-----------------------------------------------------------------
-0.31353 -0.07512 -0.06300 -0.09722 -0.38783|||||||||||||||||||||||||||||||||||||||||||||||||||||||||||||||||-0.17909 -0.33352 0.21622 0.05707 -0.26960|||||||||||||||||||||||||||||||||||||||||||||||||||||||||||||||||0.34280 -0.40019 -0.40029 -0.37949 0.23222|||||||||||||||||||||||||||||||||||||||||||||||||||||||||||||||||-0.14519 -0.01874 -0.19132 -0.28477 -0.19606|||||||||||||||||||||||||||||||||||||||||||||||||||||||||||||||||-0.31329 -0.01999 -0.11829 0.41521 0.32040|||||||||||||||||||||||||||||||||||||||||||||||||||||||||||||||||-----------------------------------------------------------------
-0.08612 0.38156 0.41329 0.19836 -0.36561|||||||||||||||||||||||||||||||||||||||||||||||||||||||||||||||||0.23820 -0.00306 -0.36144 -0.31406 -0.41049|||||||||||||||||||||||||||||||||||||||||||||||||||||||||||||||||0.19081 -0.42833 -0.06869 0.43755 0.01694|||||||||||||||||||||||||||||||||||||||||||||||||||||||||||||||||0.37600 -0.20004 -0.38752 0.28506 -0.33519|||||||||||||||||||||||||||||||||||||||||||||||||||||||||||||||||-0.16771 0.21848 0.36095 0.05402 -0.25559|||||||||||||||||||||||||||||||||||||||||||||||||||||||||||||||||-----------------------------------------------------------------
0.41332 -0.29701 -0.28386 0.03064 -0.14999|||||||||||||||||||||||||||||||||||||||||||||||||||||||||||||||||-0.35853 -0.16975 0.24356 -0.11160 0.43862|||||||||||||||||||||||||||||||||||||||||||||||||||||||||||||||||0.38151 0.28716 -0.14460 0.43316 0.13205|||||||||||||||||||||||||||||||||||||||||||||||||||||||||||||||||0.12548 -0.10470 -0.29400 0.24558 0.42343|||||||||||||||||||||||||||||||||||||||||||||||||||||||||||||||||0.31311 -0.26806 0.03536 0.40552 0.33605|||||||||||||||||||||||||||||||||||||||||||||||||||||||||||||||||-----------------------------------------------------------------
0.01833 -0.08115 -0.08658 -0.13707 0.06563|||||||||||||||||||||||||||||||||||||||||||||||||||||||||||||||||-0.06082 -0.33644 -0.04587 0.09087 0.39331|||||||||||||||||||||||||||||||||||||||||||||||||||||||||||||||||-0.32221 0.10822 -0.22051 0.42877 0.24716|||||||||||||||||||||||||||||||||||||||||||||||||||||||||||||||||-0.12503 -0.00935 -0.20048 0.20611 0.28763|||||||||||||||||||||||||||||||||||||||||||||||||||||||||||||||||-0.10050 0.13982 -0.29023 -0.13740 0.03327|||||||||||||||||||||||||||||||||||||||||||||||||||||||||||||||||-----------------------------------------------------------------
-0.37665 0.13472 0.11070 -0.30479 0.28125|||||||||||||||||||||||||||||||||||||||||||||||||||||||||||||||||0.23688 0.39130 -0.33530 0.29333 0.34799|||||||||||||||||||||||||||||||||||||||||||||||||||||||||||||||||-0.13150 -0.07072 -0.29641 0.42437 0.36227|||||||||||||||||||||||||||||||||||||||||||||||||||||||||||||||||-0.37555 0.08600 -0.10695 0.16663 0.15183|||||||||||||||||||||||||||||||||||||||||||||||||||||||||||||||||0.38033 -0.34672 0.27861 0.21410 -0.26951|||||||||||||||||||||||||||||||||||||||||||||||||||||||||||||||||-----------------------------------------------------------------
-0.11411 0.21520 -0.02853 0.42663 0.44215|||||||||||||||||||||||||||||||||||||||||||||||||||||||||||||||||-0.03560 -0.36632 0.23736 -0.29952 -0.44614|||||||||||||||||||||||||||||||||||||||||||||||||||||||||||||||||0.07521 -0.38797 0.04553 0.32739 -0.10807|||||||||||||||||||||||||||||||||||||||||||||||||||||||||||||||||0.43770 -0.32937 -0.15711 -0.10039 -0.20500|||||||||||||||||||||||||||||||||||||||||||||||||||||||||||||||||0.42052 0.23790 0.18639 0.44328 -0.32595|||||||||||||||||||||||||||||||||||||||||||||||||||||||||||||||||-----------------------------------------------------------------
0.38533 0.43106 0.16875 0.25892 -0.23665|||||||||||||||||||||||||||||||||||||||||||||||||||||||||||||||||0.26211 0.36142 -0.05207 -0.09706 0.40297|||||||||||||||||||||||||||||||||||||||||||||||||||||||||||||||||0.26592 0.32752 -0.03038 0.32300 0.00704|||||||||||||||||||||||||||||||||||||||||||||||||||||||||||||||||0.18718 -0.23402 -0.06359 -0.13986 -0.34080|||||||||||||||||||||||||||||||||||||||||||||||||||||||||||||||||0.00691 -0.24864 -0.13920 -0.09965 0.26570|||||||||||||||||||||||||||||||||||||||||||||||||||||||||||||||||-----------------------------------------------------------------
-0.13689 -0.44475 0.12804 0.43181 0.36415|||||||||||||||||||||||||||||||||||||||||||||||||||||||||||||||||-0.22366 -0.27593 0.02557 -0.23682 -0.07705|||||||||||||||||||||||||||||||||||||||||||||||||||||||||||||||||-0.07226 -0.07190 -0.12356 0.27721 0.11679|||||||||||||||||||||||||||||||||||||||||||||||||||||||||||||||||-0.05168 0.33531 -0.07842 0.36332 0.36174|||||||||||||||||||||||||||||||||||||||||||||||||||||||||||||||||0.07016 0.16108 -0.42884 -0.18051 -0.04380|||||||||||||||||||||||||||||||||||||||||||||||||||||||||||||||||-----------------------------------------------------------------
0.36255 -0.22889 0.32532 0.26409 -0.31466|||||||||||||||||||||||||||||||||||||||||||||||||||||||||||||||||0.07404 -0.44262 -0.26386 -0.03436 -0.12236|||||||||||||||||||||||||||||||||||||||||||||||||||||||||||||||||0.11845 -0.25084 -0.19946 0.27281 0.23190|||||||||||||||||||||||||||||||||||||||||||||||||||||||||||||||||-0.30220 0.43065 0.01510 0.32384 0.22593|||||||||||||||||||||||||||||||||||||||||||||||||||||||||||||||||-0.34345 -0.32546 0.14000 0.17099 -0.34658|||||||||||||||||||||||||||||||||||||||||||||||||||||||||||||||||-----------------------------------------------------------------
-0.30447 0.22779 -0.09281 -0.33475 -0.29244|||||||||||||||||||||||||||||||||||||||||||||||||||||||||||||||||-0.40309 -0.11216 0.05291 -0.40548 -0.26326|||||||||||||||||||||||||||||||||||||||||||||||||||||||||||||||||-0.03354 -0.27897 0.13213 0.19543 0.01662|||||||||||||||||||||||||||||||||||||||||||||||||||||||||||||||||0.21899 0.24935 -0.18110 -0.00076 0.08681|||||||||||||||||||||||||||||||||||||||||||||||||||||||||||||||||-0.19787 -0.08700 -0.27519 -0.19020 -0.02815|||||||||||||||||||||||||||||||||||||||||||||||||||||||||||||||||-----------------------------------------------------------------
